Glass matrix,Silicate,"Borate, phosphate"
Temperature (degC),1500,1200
Time (h),2,1
Atmosphere,"Ar (    P     O   2     = 10  Pa  ),",Ar (    P     O   2     = 10  Pa  )
