Glass,Concentration in mol%,Concentration in mol%,Concentration in mol%,Concentration in mol%,Concentration in mol%,Dissolved P2O5 in mg/L
Glass,P2O5,CaO,MgO,Na2O,TiO2,Dissolved P2O5 in mg/L
A1,54.10,20.90,3.90,17.10,3.90,916.30
A2,53.00,22.10,4.10,18.20,2.60,1786.80
A3,52.50,23.70,4.30,19.50,-,10079.40
A4,50.00,20.00,2.00,25.00,3.00,10314.66
A5,50.00,15.45,1.55,30.00,3.00,19679.67
B1,48.30,24.00,4.40,19.60,3.70,274.90
B2,48.00,24.70,4.70,20.10,2.50,274.90
B3,48.00,24.00,4.00,21.50,2.50,628.45
B4,48.00,21.00,3.50,25.00,2.50,1894.95
B5,47.60,26.20,4.80,47.60,-,526.9
B6,46.00,20.00,4.00,28.50,1.50,300.66
B7,46.00,17.00,3.50,32.00,1.50,981.81
B8,46.00,16.00,8.00,28.00,2.00,239.37
B9,46.00,14.00,7.00,31.00,2.00,371.46
B10,45.00,20.00,4.00,29.50,1.50,253.25
B11,45.00,18.00,3.50,32.00,1.50,599.90
B12,45.00,16.00,8.00,29.00,2.00,304.82
B13,45.00,14.00,7.00,32.00,2.00,499.59
B14,43.50,26.90,5.10,22.10,2.40,64.10
B15,43.00,28.50,5.30,23.10,-,112.20
C1,38.90,30.50,5.60,25.00,-,77.90
C2,37.90,29.80,5.40,24.30,2.60,11.50
C3,37.00,29.00,10.10,23.90,-,26.35
C4,37.00,29.00,10.00,24.00,-,26.63
C5,37.00,28.26,9.74,24.00,1.00,25.38
C6,37.00,25.28,8.72,24.00,5.00,22.64
C7,37.00,21.56,7.44,24.00,10.00,16.53
C8,37.00,28.54,9.84,23.62,1.00,22.98
C9,37.00,26.70,9.21,22.10,5.00,19.23
C10,37.00,24.40,8.41,20.19,10.00,15.49
C11,34.87,27.45,9.65,22.57,5.45,17.34
