"Composition, x",T g (degC),T o (degC),DT (T o-T g) (degC),T c (degC)
0.02,305+-3,341+-3,36,"350+-0.1, 545+-0.7"
0.05,314+-3,353+-3,39,"369+-0.5, 537+-0.6"
0.10,346+-3,428+-3,82,"454+-0.1, 507+-0.4, 560+-1, 572+-0.2"
0.15,341+-4,408+-3,67,"434+-1, 489+-1, 546+-0.5"
0.175,346+-4,425+-3,79,"460+-1, 516+-0.2"
