Glass,(mol%),Ge,As,Se,Te
GAST56,Theor.,15,15,14,56
GAST56,Bulk exp.,12.9,15.5,14.4,57.2
GAST56,Film exp.,14.9,12.9,12.1,60.1
GAST56,Film exp.,14.6,15.4,11.5,58.5
GAST60,Theor.,15,15,10,60
GAST60,Bulk exp.,12.0,15.9,11.0,61.1
GAST60,Film exp.,14.9,11.9,6.1,67.1
GAST60,Film exp.,14.8,13.5,5.8,65.9
GAST63,Theor.,15,15,7,63
GAST63,Bulk exp.,11.1,14.9,6.6,67.4
GAST63,Film exp.,14.3,12.3,4.8,68.6
GAST63,Film exp.,14.2,11.8,4.9,69.1
