Glass,SiO2 (mol%),Al2O3 (mol%),B2O3 (mol%),Na2O (mol%),HfO2 (mol%),Y=N* (molar)
Al02Hf36,52.96,1.77,13.24,17.65,14.37,0.91
Al05Hf30,53.08,4.42,13.27,17.69,11.53,0.80
Al10Hf21,52.76,8.79,13.19,17.59,7.67,0.67
Al15Hf13,52.05,13.01,13.01,17.35,4.57,0.57
Na10Hf18,62.75,5.23,15.69,10.46,5.88,0.67
Na15Hf25,57.34,4.78,14.33,14.33,9.21,0.75
Na20Hf30,53.08,4.42,13.27,17.69,11.53,0.80
Na30Hf33,47.46,3.95,11.86,23.73,12.99,0.86
B05Hf30,59.05,4.92,4.92,19.68,11.43,0.80
B10Hf29,56.21,4.68,9.37,18.74,11.00,0.80
B15Hf30,53.08,4.42,13.27,17.69,11.53,0.80
B20Hf30,50.53,4.21,16.84,16.84,11.57,0.80
PL0.95Hf39,50.43,1.05,12.61,19.96,15.95,0.95
PL0.90Hf37,51.03,2.13,12.76,19.14,14.95,0.90
PL0.85Hf32,52.54,3.28,13.14,18.61,12.43,0.85
PL0.75Hf26,54.17,5.64,13.54,16.93,9.72,0.75
PL0.70Hf22,55.19,6.90,13.80,16.10,8.01,0.70
PL0.65Hf16,56.64,8.26,14.16,15.34,5.59,0.65
PL0.60Hf14,57.09,9.51,14.27,14.27,4.86,0.60
PL0.55Hf10,57.97,10.87,14.49,13.28,3.39,0.55
PL0.50Hf6,58.81,12.25,14.70,12.25,1.99,0.50
PL0.45Hf6,58.80,13.47,14.70,11.02,2.01,0.46
PL0.40Hf5,59.00,14.75,14.75,9.83,1.67,0.40
PL0.35Hf7,58.57,15.86,14.64,8.54,2.39,0.35
PL0.30Hf8,58.34,17.02,14.58,7.29,2.77,0.30
NaSiHf30,59.33,0,0,29.67,11.00,1.00
NsHf26,45.38,0,0,45.38,9.25,1.00
ReHf31,66.30,0,11.05,11.05,11.61,1.00
Ab/ReHf16,70.92,5.91,5.91,11.82,5.44,0.67
B-NeHf40,41.69,0,20.84,20.84,16.62,1.00
NaDBHf39,0,0,55.39,27.69,16.92,1.00
B2O3,,,100.00,,<1.00,N/A
