No.,Na2O,CaO,B2O3,Al2O3,SiO2,P2O5
#1,15.1,15.5,0.4,0.6,65.7,2.6
#2,15.9,19.8,2.7,0.3,59.1,2.2
#3,16.7,14.1,0.9,1.5,66.4,0.4
#4,17.8,26.2,0,1.8,53,1.3
#5,19.1,17.8,1.3,0.9,58.2,2.6
#6,20.3,19.1,2.7,1.2,53.5,3.1
#7,20.7,22.9,1.8,1.8,51.9,0.9
#8,21.5,10.8,2.2,0.9,64.6,0
#9,22.7,21.8,0,0,53.9,1.7
#10,24.1,24.4,1.8,0,46.6,3.1
#11,25.7,13.6,0.5,1.6,55.1,3.6
#12,25.1,26.7,1.7,0.6,45.9,0
#13,27.6,26,0.9,1.9,40.1,3.6
#14,27.6,20.7,1.3,0.9,48.7,0.9
#15,28.9,12.1,0,0.3,57,1.7
#16,30.3,16.7,2.2,1.2,47.3,2.2
