Glass ID,Al2O3,B2O3,Gd2O3,HfO2,Na2O,SiO2,Total
B15,5,15,0,0,20,60,100
B15Gd2.5,4.98,14.93,0.45,0,19.91,59.73,100
B15Gd5,4.95,14.86,0.92,0,19.82,59.45,100
B15Gd9,4.91,14.74,1.72,0,19.66,58.97,100
B15Gd16,4.84,14.51,3.25,0,19.35,58.05,100
B15Gd22,4.76,14.29,4.74,0,19.05,57.15,99.99
B15Gd32,4.62,13.85,7.67,0,18.47,55.4,100.01
B15Gd40,4.47,13.85,10.53,0,17.89,53.68,100.42
,,,,,,,
B15Hf0.5,4.99,14.98,0,0.15,19.97,59.91,100
B15Hf1.25,4.98,14.94,0,0.38,19.92,59.77,99.99
B15Hf2.5,4.96,14.88,0,0.77,19.85,59.54,100
B15Hf5,4.92,14.76,0,1.57,19.69,59.06,100
B15Hf10,4.84,14.51,0,3.27,19.35,58.04,100.01
B15Hf15,4.75,14.24,0,5.09,18.98,56.94,100
B15Hf20,4.65,13.94,0,7.06,18.59,55.76,100
B15Hf30,4.42,13.27,0,11.53,17.69,53.08,99.99
