ID,SiO2,B2O3,Na2O,Al2O3,Gd2O3
Al15,54.55,13.64,18.18,13.64,0.00
Al15Gd10,53.44,13.36,17.81,13.36,2.03
Al15Gd13,53.07,13.27,17.69,13.27,2.71
Al15Gd14,52.94,13.24,17.65,13.24,2.94
Al15Gd28,50.87,12.72,16.96,12.72,6.75
,,,,,
PA50,60.00,15.00,12.50,12.50,0.00
PA50Gd1,59.89,14.97,12.48,12.48,0.19
PA50Gd5,59.42,14.86,12.38,12.38,0.96
PA50Gd6,59.30,14.83,12.35,12.35,1.17
PA50Gd10,58.79,14.70,12.25,12.25,2.01
PA50Gd30,55.60,13.90,11.58,11.58,7.34
PA50Gd50,50.64,12.66,10.55,10.55,15.60
,,,,,
PA35,60.00,15.00,8.75,16.25,0.00
PA35Gd10,58.77,14.69,8.57,15.92,2.06
PA35Gd20,57.29,14.32,8.36,15.52,4.51
PA35Gd25,56.45,14.11,8.23,15.29,5.93
PA35Gd28,55.89,13.97,8.15,15.14,6.85
PA35Gd30,55.51,13.88,8.09,15.03,7.49
