Glass,SiO2,B2O3,Al2O3,Na2O,CaO,Nd2O3
G0.26Nd0,57.45,14.90,17.02,6.38,4.25,0.00
G0.26Nd2.3,56.13,14.56,16.64,6.24,4.16,2.27
G0.26Nd4,55.10,14.29,16.33,6.12,4.08,4.08
G0.26Nd6,54.00,14.00,16.00,6.00,4.00,6.00
G0.26Nd8,52.85,13.71,15.66,5.87,3.91,8.00
G0.26Nd10,51.70,13.41,15.32,5.74,3.83,10.00
G0.40Nd0,51.49,20.85,17.02,6.38,4.25,0.00
G0.40Nd2.3,50.31,20.37,16.64,6.23,4.16,2.29
G0.40Nd4,49.39,20.00,16.33,6.12,4.08,4.08
G0.40Nd6,48.40,19.60,16.00,6.00,4.00,6.00
G0.40Nd8,47.38,19.18,15.66,5.87,3.91,8.00
G0.40Nd10,46.34,18.77,15.32,5.74,3.83,10.00
