Sample,Sr(PO3)2,MgF2,CaF2,SrF2,AlF3
FP00,0,10.0,28.3,23.1,38.6
FP01,1.0,9.5,28.2,22.9,38.4
FP02,2.0,9.5,27.8,22.9,37.8
FP03,3.0,9.5,27.5,22.5,37.5
FP04,4.0,9.5,27.5,21.5,37.5
FP06,6.0,9.5,27.0,21.0,36.5
FP08,8.0,10.0,30.2,16.8,35.0
FP10,10.0,10.0,30.0,15.0,35.0
FP15,15.0,10.0,23.4,19.4,32.2
FP20,20.0,10.0,21.8,18.2,30.0
FP30,30.0,10.0,19.0,15.0,26.0
FP40,40.0,10.0,15.5,13.0,21.5
FP70,70.0,4.0,8.0,7.0,11.0
FP80,80.0,2.5,5.5,4.5,7.5
FP90,90.0,1.5,2.9,1.9,4.0
FP100,100.0,0,0,0,0
